5.169230000046439732e-01
6.296290000059894254e-01
1.895411000014505909e+00
1.154150000054836311e-01
1.438699000011827378e+00
1.403950000011597643e+00
6.880170000059644408e-01
1.229753000009915942e+00
1.055492000009246700e+00
9.851120000080385575e-01
1.492132000011669568e+00
3.276840000051854940e-01
-3.822299999467426018e-02
9.558120000074392664e-01
1.099972000009586282e+00
1.466960000011482190e+00
2.209873000006743027e+00
1.899740000056446276e-01
1.503215000012150027e+00
1.052502000008092020e+00
1.009394000007714842e+00
1.388118000010983843e+00
9.795980000082558092e-01
1.232055000010431334e+00
5.702490000051102514e-01
1.067615000009211501e+00
1.635958000012754043e+00
1.212565000009936611e+00
3.062680000054389118e-01
1.032076000008381511e+00
1.596462000012896620e+00
-3.277089999942731091e-01
9.717280000079892011e-01
-4.745169999938265160e-01
3.553900000051124497e-01
9.285860000078061116e-01
1.091112000009446303e+00
9.647010000085182169e-01
3.967630000051009520e-01
1.261748000009507376e+00
1.789589000013558806e+00
1.333318000010297100e+00
7.618360000070665272e-01
-4.262999999939723339e-01
9.628180000075926559e-01
1.878271000014507530e+00
-1.835739999946364442e-01
4.549030000045963251e-01
-3.423059999941978626e-01
1.272505000010529130e+00
-3.174209999945451499e-01
-1.433499999448030471e-02
1.073544000009057031e+00
1.042805000008251604e+00
1.411649000011669042e+00
8.876740000082836701e-01
1.232684000010211278e+00
1.775870000056861409e-01
2.171802000008257405e+00
6.107820000055521614e-01
6.800820000055918246e-01
1.619087000012615407e+00
9.087590000070722152e-01
-2.723199999946410710e-01
