-8.704865597008875078e-01
-8.674952500434915947e-01
-8.732062847118576832e-01
-8.698722603891708705e-01
-8.723714744392015996e-01
-8.691209800653990625e-01
-8.794379316678042624e-01
-8.690583999274471561e-01
-8.633779516330473136e-01
-8.532349104767340542e-01
-8.408796698752454279e-01
-8.366929925540210755e-01
-8.230394992044121061e-01
-8.154173602689575029e-01
-8.040424847239452388e-01
-8.003372232605328040e-01
-8.103649209360531680e-01
-8.183384415987242644e-01
-8.387808963091790693e-01
-8.565876888325381078e-01
-8.618374429045095875e-01
-8.743332094933887744e-01
-8.676846365474022438e-01
-8.701990389628262434e-01
-8.737284346672626878e-01
-8.721217296152630194e-01
-8.738538604977484914e-01
-8.722828420447457098e-01
-8.694124926864004177e-01
-8.704413791852044779e-01
-8.686458062008325376e-01
-8.677737429122263091e-01
-8.740207467513968487e-01
-8.670930101846778815e-01
-8.672201121155403980e-01
-8.522204371327716244e-01
-8.647803915731119284e-01
-8.923528506890604506e-01
-9.185328231781261232e-01
-9.202142347113405618e-01
-9.117073432560190982e-01
-8.822234679086364828e-01
-8.478541249598903207e-01
-8.163668984329874867e-01
-8.118633690164231975e-01
-7.986674899479572209e-01
-7.930867618615693448e-01
-7.891929066417542327e-01
-8.102167553953854018e-01
-8.356701930833129177e-01
-8.609796978779650223e-01
-8.678995779856181203e-01
-8.708497391301717183e-01
-8.755201509531957971e-01
-8.686434766713264644e-01
-8.732429910586730903e-01
-8.723914773986017890e-01
-8.674090271893752924e-01
-8.752475476445590319e-01
-8.604964704703661482e-01
-8.577218883691632989e-01
-8.539381836712622853e-01
-8.319265911382764944e-01
-8.466053106720861088e-01
-8.890389041852649887e-01
-9.548528946813492624e-01
-1.012358518402259655e+00
-1.039178552798921462e+00
-1.025189656817257600e+00
-9.817609598462441189e-01
-9.267594569530246407e-01
-8.851287393814443183e-01
-8.669129689988314125e-01
-8.537558057150692603e-01
-8.187715403739574960e-01
-7.823748521975519843e-01
-7.720167795657849608e-01
-7.872386371917721171e-01
-8.218957576234009466e-01
-8.449635578512790790e-01
-8.599920705804107168e-01
-8.736205854303202845e-01
-8.694277771947003242e-01
-8.699151461779157657e-01
-8.705635214684398493e-01
-8.727220889338618282e-01
-8.680121164156134883e-01
-8.595315967597790818e-01
-8.470634046226986902e-01
-8.114954907630578251e-01
-7.944573603170586029e-01
-8.103644143547857892e-01
-8.677676490354724326e-01
-9.588484448419111184e-01
-1.064444682503204120e+00
-1.152124505858742598e+00
-1.156288182753248517e+00
-1.090011460312547475e+00
-9.943831092030855912e-01
-8.924566807938739688e-01
-8.511023969732361971e-01
-8.378269123514918704e-01
-7.831343027302269943e-01
-7.283225700256179547e-01
-7.155872460396678347e-01
-7.219978840728263902e-01
-7.641641654766525571e-01
-8.068598886271817205e-01
-8.488854608382011557e-01
-8.699191502157276323e-01
-8.655050754560756898e-01
-8.683097459277635544e-01
-8.704440840166350890e-01
-8.722941064929907728e-01
-8.615375622892760266e-01
-8.321479324374213560e-01
-7.975037081021917329e-01
-7.792570533185557702e-01
-7.498887615920898364e-01
-7.530525342273177714e-01
-8.011422422158086531e-01
-9.124294128904696377e-01
-1.061383235485102716e+00
-1.216355706989502350e+00
-1.256531706294521378e+00
-1.192974378797005075e+00
-1.061233764296532600e+00
-9.006774609590481040e-01
-8.562617334303798122e-01
-7.997725954038129581e-01
-7.120450767159953731e-01
-6.282347915147767914e-01
-5.964678729354389031e-01
-6.218214209798594849e-01
-6.915091524542772428e-01
-7.504090352739819503e-01
-8.256612009698893750e-01
-8.562388960454443421e-01
-8.669253201810902532e-01
-8.771665227031525403e-01
-8.669952891029161224e-01
-8.683062191670032348e-01
-8.498858233129169548e-01
-8.011330551620997609e-01
-7.669489952226712370e-01
-7.233790788138528827e-01
-6.818124957752934590e-01
-6.843757719792116223e-01
-7.315213842451271375e-01
-8.521459583028637708e-01
-9.970458685373583263e-01
-1.132222729551497720e+00
-1.188140113263230102e+00
-1.146880926751786767e+00
-1.021986863850852911e+00
-9.104229330059665504e-01
-8.653652434267953275e-01
-8.000257472576631779e-01
-6.687487817358276354e-01
-5.270303953755249848e-01
-4.571342736952571650e-01
-5.006626048451504607e-01
-5.952582629536306014e-01
-6.905264708628756631e-01
-7.743362999186786944e-01
-8.447347338690498475e-01
-8.686392030503216066e-01
-8.659592873011116021e-01
-8.719075362434342003e-01
-8.739479708572536198e-01
-8.431418877705263437e-01
-7.867336700139531125e-01
-7.390685838395719687e-01
-6.889678732381790960e-01
-6.420559211570585623e-01
-6.423251146758098828e-01
-7.063541779900349704e-01
-8.329531470139178717e-01
-9.448991986580763669e-01
-1.002093694076524155e+00
-1.083442318367687340e+00
-1.096415660887994026e+00
-9.955720935517445858e-01
-9.008392479462250524e-01
-9.003338307256303352e-01
-8.722608187311037264e-01
-7.035427548447616974e-01
-5.015908079016523358e-01
-3.814701578067692389e-01
-3.875822223244517750e-01
-5.068918328138595220e-01
-6.379197534815712611e-01
-7.361942014582890659e-01
-8.149433513010566621e-01
-8.689611784922028903e-01
-8.773944370022395134e-01
-8.747944609986646469e-01
-8.737501585706803908e-01
-8.370292605535351038e-01
-7.812179939187996469e-01
-7.317788669482463426e-01
-6.542595896554549428e-01
-6.028241657927339014e-01
-6.322114575198267694e-01
-7.387967471802314723e-01
-8.560372907237124851e-01
-9.070355797800798703e-01
-9.329555193398332280e-01
-9.916506670870963713e-01
-1.034859350286351898e+00
-9.582368955158702128e-01
-8.817173436042837764e-01
-9.083431195946247705e-01
-9.292643078400881773e-01
-8.009763103789291350e-01
-5.605019979303766942e-01
-3.848092207288009159e-01
-3.509570758464173323e-01
-4.335422845518491775e-01
-5.747044458549013246e-01
-7.019856393908691095e-01
-7.893167416664053082e-01
-8.597999877820000636e-01
-8.722557651570079784e-01
-8.716548123079395083e-01
-8.644029436568739788e-01
-8.378584719068318254e-01
-7.771789975316301113e-01
-7.127298408938739227e-01
-6.314901501889789159e-01
-5.757464655978244972e-01
-6.286365391445415396e-01
-7.719456716068912039e-01
-8.919487320868659808e-01
-9.248741678454206472e-01
-9.254123611144280392e-01
-9.757351547388312119e-01
-1.023285243704164627e+00
-9.828984676756775674e-01
-9.040865438990672853e-01
-9.040568152362461474e-01
-9.578343817178269770e-01
-8.896042124020917541e-01
-6.808439963229107050e-01
-4.523874752696522283e-01
-3.696771486593906642e-01
-4.304741399830415705e-01
-5.452153224116806918e-01
-6.731624454957717552e-01
-7.692749050091258756e-01
-8.508085719902958033e-01
-8.704097472165401861e-01
-8.726268177843949925e-01
-8.747814293139327679e-01
-8.504085468068377507e-01
-7.789096782439245414e-01
-6.994132856840136192e-01
-6.004534468037892037e-01
-5.469370635103412148e-01
-6.131675302309524955e-01
-7.835627056296804449e-01
-8.967467881758620640e-01
-9.374913954484124234e-01
-9.261333484004434791e-01
-9.730519973412914414e-01
-1.049887999431936336e+00
-1.066922922015798525e+00
-9.893656093642114735e-01
-9.256844127173315950e-01
-9.249904100138389706e-01
-8.996768485895596523e-01
-7.724568556515281070e-01
-5.329652920750875822e-01
-4.103728688663187407e-01
-4.348138779592404246e-01
-5.357537118651639618e-01
-6.583624231568862006e-01
-7.638250994030162389e-01
-8.446955252078979237e-01
-8.665041758898248681e-01
-8.718356026032580974e-01
-8.720146097936137819e-01
-8.590694617842337122e-01
-7.960213386108483391e-01
-7.011266144627555930e-01
-5.824655597566011922e-01
-4.978766196821480250e-01
-5.911539070133375873e-01
-7.855042705884313081e-01
-9.016026806054660003e-01
-9.280420607946254785e-01
-9.191075663869794354e-01
-9.827220277781500979e-01
-1.077189060059354109e+00
-1.163141102615625089e+00
-1.104348624962571801e+00
-9.973624247367461892e-01
-9.069661307489100821e-01
-8.567770132915222270e-01
-7.722391174194633834e-01
-6.151861185162742496e-01
-4.710219400969872794e-01
-4.618934996120788727e-01
-5.342230379061417844e-01
-6.331382241503912267e-01
-7.683781130969860040e-01
-8.529118405390210267e-01
-8.744298478963840049e-01
-8.699764370577856010e-01
-8.743798448412880564e-01
-8.579818706238359072e-01
-8.142608823842856225e-01
-6.828673756975309761e-01
-5.427125018690058811e-01
-4.722455537416820892e-01
-5.767470108637686721e-01
-7.844782504680021251e-01
-9.313746695795414032e-01
-9.628216544940727539e-01
-9.428706260416068741e-01
-9.956381171564014920e-01
-1.125845674958877884e+00
-1.227949057172297742e+00
-1.195067438640054824e+00
-1.068165557124063358e+00
-9.173937708533237423e-01
-8.023549589245132507e-01
-7.150678170855113702e-01
-6.474947581919030526e-01
-5.324305053345965710e-01
-4.866530198648001959e-01
-5.361181544060681370e-01
-6.210551001691290152e-01
-7.657779843924752416e-01
-8.471983429279869027e-01
-8.713054744003351226e-01
-8.704083023432699351e-01
-8.727266528788270028e-01
-8.640994927823751892e-01
-8.097641110328270830e-01
-6.530085763119105602e-01
-5.164550275107195887e-01
-4.608538121318716541e-01
-5.814094754129088827e-01
-8.169657828165777236e-01
-9.970668242109342883e-01
-1.020846218254362947e+00
-9.805585804597409805e-01
-1.002195051403585113e+00
-1.132619329064331382e+00
-1.243575378734771419e+00
-1.237854284518508319e+00
-1.115267126083480997e+00
-9.543287433986656909e-01
-7.718783687084495027e-01
-6.522087014391230175e-01
-6.394084541991708059e-01
-5.705335926817224346e-01
-5.283906891889021962e-01
-5.378864913027400219e-01
-6.243423316995364569e-01
-7.750273203996178584e-01
-8.451755504911345751e-01
-8.669279244812050367e-01
-8.683841144741540896e-01
-8.697860096291051279e-01
-8.591194149079771636e-01
-8.066020481694179400e-01
-6.559816803519086248e-01
-5.103971510766984743e-01
-4.682181121217058317e-01
-6.155985056028984159e-01
-8.368659068299654225e-01
-1.023085468381986551e+00
-1.070922872519374902e+00
-1.031754271959377967e+00
-9.927806454532727143e-01
-1.074976381371365752e+00
-1.191213521321146773e+00
-1.196634131466257189e+00
-1.140051661566082730e+00
-9.792714746221542477e-01
-7.882062919779959653e-01
-6.706424794709155979e-01
-6.464913350719918572e-01
-6.042904749520482399e-01
-5.456333615177413332e-01
-5.391972093256709453e-01
-6.321047012656177966e-01
-7.776671933294510008e-01
-8.510286524213015458e-01
-8.688089773192746446e-01
-8.727669715921061444e-01
-8.657193025178544499e-01
-8.513716870756020683e-01
-7.898740145449731909e-01
-6.517223249016349529e-01
-5.010692571462277423e-01
-4.582654238537228197e-01
-5.998163789897901221e-01
-8.497654302846426866e-01
-1.041976522919379144e+00
-1.125128155827542109e+00
-1.086520770320755114e+00
-9.972373706557440265e-01
-9.791367209190592336e-01
-1.062603158149993732e+00
-1.086093178546093885e+00
-1.074628161277667582e+00
-1.008523308703850985e+00
-8.623228867007257659e-01
-7.352474811438758362e-01
-6.638961754583949659e-01
-5.818144965293099435e-01
-5.372738958130237608e-01
-5.652251980265941000e-01
-6.490229148919040014e-01
-8.069464425520491702e-01
-8.618853427395773981e-01
-8.640949248077645084e-01
-8.719594500239145063e-01
-8.629045846574598944e-01
-8.496162213504009353e-01
-7.724359788669773463e-01
-6.495931124629441555e-01
-4.863601109892872754e-01
-4.317746586871508696e-01
-5.541037714143642878e-01
-8.141932850319492099e-01
-1.046336010642189507e+00
-1.159871412965201243e+00
-1.111255247414756564e+00
-9.460982731743835528e-01
-8.641846670754573800e-01
-8.991741382956330852e-01
-9.539422921630765773e-01
-9.934770201013068958e-01
-1.041311266292054727e+00
-9.807746476728718132e-01
-8.340089517447086820e-01
-6.767202231236716381e-01
-5.590948667358490720e-01
-5.117009850632262546e-01
-5.678223611199012533e-01
-6.686336583994522131e-01
-8.263308747767491580e-01
-8.655973044073989042e-01
-8.691675496951329905e-01
-8.681696262645240969e-01
-8.623939005275995662e-01
-8.309629979663981647e-01
-7.508350106691912274e-01
-6.512283918894564705e-01
-4.829631647568630726e-01
-4.024535134627686972e-01
-4.938683484532023771e-01
-7.444444899295861173e-01
-9.978610148849872408e-01
-1.164745815117225414e+00
-1.145646700454084232e+00
-9.309756080157625124e-01
-7.636650264799033083e-01
-7.601159796061022211e-01
-7.974239434736626331e-01
-8.635682982009788011e-01
-9.932026961215598693e-01
-1.017501369269671274e+00
-8.719333132548479082e-01
-7.008974250566076813e-01
-5.555884435720072068e-01
-5.145018287454297123e-01
-5.925977873921142169e-01
-6.992582461601597466e-01
-8.185753873861622010e-01
-8.631577086947544997e-01
-8.709151618977070131e-01
-8.736269717641901300e-01
-8.581843482255486766e-01
-8.096110485134044854e-01
-7.356921624639110036e-01
-6.392798898393842189e-01
-5.030677462493051699e-01
-3.967178228889350899e-01
-4.383606100583067322e-01
-6.380059007165553853e-01
-9.041219048840292150e-01
-1.086074167666902124e+00
-1.140240368831448192e+00
-9.693283399031044079e-01
-7.387374412652989442e-01
-6.440926965312521180e-01
-6.443371502864427836e-01
-6.910919946311466777e-01
-8.482010648047513257e-01
-9.387705339270439042e-01
-8.676329492339572846e-01
-7.045598576752691855e-01
-5.573309099271828160e-01
-5.569481666816361587e-01
-6.378558952800409410e-01
-7.331243923122362505e-01
-8.032233400427296610e-01
-8.454999140267420721e-01
-8.694692360698742517e-01
-8.693847781620543946e-01
-8.603105994805643197e-01
-8.050498563092174376e-01
-7.282234144889146998e-01
-6.281977407015255643e-01
-5.142222686077541072e-01
-4.079103558330310908e-01
-3.983726224625043777e-01
-5.378604115441183442e-01
-7.940377338285303788e-01
-9.875520137871115489e-01
-1.074766169193404730e+00
-1.019827469301123335e+00
-8.290322109643475379e-01
-6.735929831334709350e-01
-5.939712057176717019e-01
-6.354476012538675667e-01
-7.771631804373472230e-01
-9.010104701020457130e-01
-8.625531430648969433e-01
-7.025218776552794031e-01
-5.658935423644125828e-01
-5.835292011294375136e-01
-6.880401277660211923e-01
-7.694443172726842528e-01
-8.062611361795403164e-01
-8.309915956031840301e-01
-8.711266114849959274e-01
-8.656225602032682209e-01
-8.661455799220835194e-01
-8.241551701125569007e-01
-7.460379680597999386e-01
-6.328624914484703989e-01
-5.467841598534231018e-01
-4.495771686406387913e-01
-4.104306976175037258e-01
-4.837623047678756838e-01
-6.878178095584220886e-01
-8.888435095134703534e-01
-1.031650367913209188e+00
-1.067942788306854629e+00
-9.961350783294857791e-01
-8.891408751037516156e-01
-8.074912581939570622e-01
-7.786589598352403607e-01
-8.526571077808513532e-01
-9.272914046124977050e-01
-8.660721370084610848e-01
-7.303406761502944100e-01
-6.239419729398635317e-01
-6.437551221659771894e-01
-7.259575368357643610e-01
-7.941914046690484730e-01
-8.230392246271014400e-01
-8.256993024819143656e-01
-8.697241167732000511e-01
-8.750826745969996212e-01
-8.667533600026978702e-01
-8.542163667399772509e-01
-7.897503765864596348e-01
-6.822441033234437624e-01
-5.842408350855324839e-01
-5.119940961283969694e-01
-4.549402132163169465e-01
-4.613942694564700520e-01
-5.629561164211672741e-01
-7.294726008053497024e-01
-8.956791488168160953e-01
-1.026270813220877542e+00
-1.104623093886589968e+00
-1.131251513596578384e+00
-1.111273021361767643e+00
-1.058801947750928507e+00
-1.032184104464915153e+00
-9.865994038700698354e-01
-8.877599924774073337e-01
-7.643742009137289850e-01
-6.845208504369715286e-01
-6.868433713039767685e-01
-7.540428486931077812e-01
-8.056508175731112997e-01
-8.146095296125264174e-01
-8.415760070957188921e-01
-8.695181605306496753e-01
-8.719187324522087446e-01
-8.751137334400092005e-01
-8.651872805830995716e-01
-8.365071945642739148e-01
-7.474078076755260591e-01
-6.573574035975308094e-01
-5.847457552547791204e-01
-5.366476902279746497e-01
-5.141295925372317832e-01
-5.293066208853995924e-01
-6.077473802714967732e-01
-7.357974710542160013e-01
-8.697984656978192675e-01
-1.039462011529585839e+00
-1.186328697353185913e+00
-1.231000039955814307e+00
-1.196650637924467020e+00
-1.131540552484728401e+00
-1.029218836117635316e+00
-9.011776562940089219e-01
-8.006215799992236759e-01
-7.475485799220182859e-01
-7.519765374951939974e-01
-7.933408767513078219e-01
-8.192235203893908357e-01
-8.078036176567948701e-01
-8.413586829902105491e-01
-8.666764457489335438e-01
-8.716646516334476402e-01
-8.705211175392925105e-01
-8.674206698997231069e-01
-8.643190204585614600e-01
-8.213938726624385733e-01
-7.396207555374186837e-01
-6.635704189101240269e-01
-6.158905880358496177e-01
-5.871782818835203921e-01
-5.837852600924742230e-01
-6.213690846894617259e-01
-6.827780835931572812e-01
-7.755879300821922895e-01
-9.108633575327114151e-01
-1.087678586223796540e+00
-1.202878439383292752e+00
-1.205190210094234438e+00
-1.135093243230738347e+00
-1.010821571258860407e+00
-9.054945926020721014e-01
-8.421994119898517095e-01
-8.120868383050440231e-01
-8.052833662601229792e-01
-8.157814836746609677e-01
-8.176035044075485869e-01
-8.209036077952849286e-01
-8.566792805179179737e-01
-8.741768280166780647e-01
-8.703305737501417783e-01
-8.709456874672867333e-01
-8.687575231970336986e-01
-8.709432471248153007e-01
-8.603624614330735998e-01
-8.145392809632499009e-01
-7.660057585755496445e-01
-7.114887022389714266e-01
-6.752348225070109455e-01
-6.566912460533036455e-01
-6.820281310460294399e-01
-7.117407893306222366e-01
-7.642621090829362362e-01
-8.317891819503021589e-01
-9.554597982003656398e-01
-1.063644091120782731e+00
-1.104541555357278826e+00
-1.065591857148928678e+00
-9.754251637198136926e-01
-9.121692392976981090e-01
-8.778141040777395210e-01
-8.353064851703729810e-01
-8.099542677058613194e-01
-8.107139490449432051e-01
-8.125357493862249703e-01
-8.391376697817282126e-01
-8.706841392864113072e-01
-8.701602945458242200e-01
-8.719662021712004663e-01
-8.727648761961287471e-01
-8.704507124292659714e-01
-8.710031084704195070e-01
-8.694921689207059101e-01
-8.642861400262741300e-01
-8.413283006229843597e-01
-7.979214329391788318e-01
-7.540422897708344285e-01
-7.218785911011731393e-01
-7.165370438620579652e-01
-7.255137214527198619e-01
-7.529721917153072708e-01
-8.008071585764326983e-01
-8.560723723594643175e-01
-9.062033830285125546e-01
-9.372943839273122357e-01
-9.408200422005420505e-01
-9.081932050792451694e-01
-8.785361212073911075e-01
-8.333580797822784936e-01
-8.174688501743080371e-01
-8.140925400627204711e-01
-8.304312035887192467e-01
-8.454294184351713870e-01
-8.694029614816938256e-01
-8.673542110385944470e-01
-8.657519964628745957e-01
-8.715548010727167672e-01
-8.701140025220746033e-01
-8.695462424932907108e-01
-8.735826619433385565e-01
-8.694421455176823965e-01
-8.672586759137043133e-01
-8.639391251173418329e-01
-8.440205840562937656e-01
-8.269323628734487341e-01
-8.013740060778992147e-01
-7.802623640707558872e-01
-7.827163211655624453e-01
-7.681184694414493475e-01
-7.859983489776178889e-01
-8.110194041578421276e-01
-8.309227577767595019e-01
-8.758378554205125122e-01
-8.698018237744759018e-01
-8.678356324164189228e-01
-8.479018047134664338e-01
-8.268877735042403643e-01
-8.379177309251450989e-01
-8.577876954574371604e-01
-8.630414606583275416e-01
-8.621064358822875251e-01
-8.698771641833560331e-01
-8.738575269232449205e-01
-8.710783602283229676e-01
-8.701280469583317911e-01
-8.734590134830692021e-01
-8.727938655810992818e-01
-8.739099457377216273e-01
-8.663434973302585052e-01
-8.673546103796853091e-01
-8.745551154641280078e-01
-8.712942670528832645e-01
-8.691555842949307831e-01
-8.556963830989178232e-01
-8.534403801914963728e-01
-8.553572164278235856e-01
-8.515237446061317828e-01
-8.460606453121057857e-01
-8.463890520500024772e-01
-8.537537793502878447e-01
-8.565398128707303327e-01
-8.572668740881108640e-01
-8.621971339193110762e-01
-8.653690405980983824e-01
-8.667920931902265425e-01
-8.694653467188472318e-01
-8.710161699435174931e-01
-8.715276188012844871e-01
-8.658381966652919370e-01
-8.721788578611673337e-01
-8.665411428048275244e-01
-8.739115679644746670e-01
-8.714104412675888200e-01
-8.744479267407977430e-01
-8.710044514047952102e-01
-8.718063661319058744e-01
-8.683173253648808210e-01
-8.736579138668990607e-01
-8.692867121241987238e-01
-8.738396446544506313e-01
-8.709015737402237001e-01
-8.727237079171955569e-01
-8.745805962869654948e-01
-8.709246280416290675e-01
-8.715832692087834843e-01
-8.729380052240514054e-01
-8.713861861744666149e-01
-8.720652913344232315e-01
-8.685449431625983374e-01
-8.684209996520111385e-01
-8.695725356862132882e-01
-8.750009670266550854e-01
-8.720109448377597605e-01
-8.721020140263897602e-01
-8.746984848362233667e-01
-8.723955218056598238e-01
-8.711123701055695223e-01
-8.676271383274553051e-01
-8.696344753565746766e-01
-8.651149315642633342e-01
4.317798697147716136e-01
